0 0.816406 0.255469 0.098437 0.132812
0 0.724219 0.163281 0.098437 0.132812
0 0.678906 0.908594 0.098437 0.132812
0 0.682031 0.357031 0.098437 0.132812
0 0.305469 0.739844 0.098437 0.132812
0 0.842969 0.586719 0.098437 0.132812
0 0.121094 0.236719 0.098437 0.132812
0 0.149219 0.611719 0.098437 0.132812
0 0.305469 0.422656 0.098437 0.132812
0 0.778906 0.841406 0.098437 0.132812
0 0.319531 0.324219 0.098437 0.132812
0 0.317969 0.832031 0.098437 0.132812
0 0.219531 0.144531 0.098437 0.132812
0 0.096094 0.661719 0.098437 0.132812
