0 0.470313 0.082031 0.046875 0.064062
0 0.470313 0.147656 0.046875 0.064062
0 0.470313 0.213281 0.046875 0.064062
0 0.470313 0.278906 0.046875 0.064062
0 0.470313 0.344531 0.046875 0.064062
0 0.470313 0.410156 0.046875 0.064062
0 0.470313 0.475781 0.046875 0.064062
0 0.470313 0.541406 0.046875 0.064062
0 0.470313 0.607031 0.046875 0.064062
0 0.470313 0.672656 0.046875 0.064062
0 0.470313 0.738281 0.046875 0.064062
0 0.470313 0.803906 0.046875 0.064062
0 0.470313 0.869531 0.046875 0.064062
0 0.470313 0.935156 0.046875 0.064062
