0 0.513281 0.185938 0.076563 0.103125
0 0.853906 0.565625 0.076563 0.103125
0 0.807031 0.487500 0.076563 0.103125
0 0.147656 0.289062 0.076563 0.103125
0 0.152344 0.443750 0.076563 0.103125
0 0.110156 0.620313 0.076563 0.103125
0 0.182031 0.832812 0.076563 0.103125
0 0.864844 0.426563 0.076563 0.103125
0 0.417969 0.100000 0.076563 0.103125
0 0.660156 0.095312 0.076563 0.103125
0 0.253906 0.754687 0.076563 0.103125
0 0.641406 0.629687 0.076563 0.103125
0 0.200781 0.082812 0.076563 0.103125
0 0.911719 0.139063 0.076563 0.103125
