0 0.116406 0.076563 0.048438 0.065625
0 0.116406 0.142187 0.048438 0.065625
0 0.116406 0.207813 0.048438 0.065625
0 0.116406 0.273438 0.048438 0.065625
0 0.116406 0.339062 0.048438 0.065625
0 0.116406 0.404687 0.048438 0.065625
0 0.116406 0.470313 0.048438 0.065625
0 0.116406 0.535937 0.048438 0.065625
0 0.116406 0.601562 0.048438 0.065625
0 0.116406 0.667188 0.048438 0.065625
0 0.116406 0.732812 0.048438 0.065625
0 0.116406 0.798438 0.048438 0.065625
0 0.116406 0.864062 0.048438 0.065625
0 0.116406 0.929688 0.048438 0.065625
