0 0.073438 0.698438 0.062500 0.084375
0 0.139063 0.698438 0.062500 0.084375
0 0.204687 0.698438 0.062500 0.084375
0 0.270313 0.698438 0.062500 0.084375
0 0.335938 0.698438 0.062500 0.084375
0 0.401562 0.698438 0.062500 0.084375
0 0.467187 0.698438 0.062500 0.084375
0 0.532813 0.698438 0.062500 0.084375
0 0.598437 0.698438 0.062500 0.084375
0 0.664062 0.698438 0.062500 0.084375
0 0.729688 0.698438 0.062500 0.084375
0 0.795312 0.698438 0.062500 0.084375
0 0.860938 0.698438 0.062500 0.084375
0 0.926562 0.698438 0.062500 0.084375
