0 0.402344 0.904687 0.114062 0.153125
0 0.383594 0.101562 0.114062 0.153125
0 0.753906 0.803125 0.114062 0.153125
0 0.263281 0.803125 0.114062 0.153125
0 0.517969 0.278125 0.114062 0.153125
0 0.191406 0.614062 0.114062 0.153125
0 0.892969 0.209375 0.114062 0.153125
0 0.905469 0.600000 0.114062 0.153125
0 0.128906 0.104688 0.114062 0.153125
0 0.385156 0.515625 0.114062 0.153125
0 0.389844 0.232813 0.114062 0.153125
0 0.178906 0.876563 0.114062 0.153125
0 0.492969 0.700000 0.114062 0.153125
0 0.442969 0.559375 0.114062 0.153125
