0 0.061719 0.325781 0.060937 0.082812
0 0.127344 0.325781 0.060937 0.082812
0 0.192969 0.325781 0.060937 0.082812
0 0.258594 0.325781 0.060937 0.082812
0 0.324219 0.325781 0.060937 0.082812
0 0.389844 0.325781 0.060937 0.082812
0 0.455469 0.325781 0.060937 0.082812
0 0.521094 0.325781 0.060937 0.082812
0 0.586719 0.325781 0.060937 0.082812
0 0.652344 0.325781 0.060937 0.082812
0 0.717969 0.325781 0.060937 0.082812
0 0.783594 0.325781 0.060937 0.082812
0 0.849219 0.325781 0.060937 0.082812
0 0.914844 0.325781 0.060937 0.082812
