0 0.645312 0.483594 0.065625 0.089063
0 0.800000 0.114844 0.065625 0.089063
0 0.887500 0.330469 0.065625 0.089063
0 0.718750 0.164844 0.065625 0.089063
0 0.906250 0.763281 0.065625 0.089063
0 0.809375 0.810156 0.065625 0.089063
0 0.201563 0.824219 0.065625 0.089063
0 0.398438 0.883594 0.065625 0.089063
0 0.200000 0.705469 0.065625 0.089063
0 0.343750 0.541406 0.065625 0.089063
0 0.875000 0.486719 0.065625 0.089063
0 0.103125 0.675781 0.065625 0.089063
0 0.101562 0.439844 0.065625 0.089063
0 0.598437 0.360156 0.065625 0.089063
