0 0.373437 0.063281 0.046875 0.064062
0 0.373437 0.130469 0.046875 0.064062
0 0.373437 0.197656 0.046875 0.064062
0 0.373437 0.264844 0.046875 0.064062
0 0.373437 0.332031 0.046875 0.064062
0 0.373437 0.399219 0.046875 0.064062
0 0.373437 0.466406 0.046875 0.064062
0 0.373437 0.533594 0.046875 0.064062
0 0.373437 0.600781 0.046875 0.064062
0 0.373437 0.667969 0.046875 0.064062
0 0.373437 0.735156 0.046875 0.064062
0 0.373437 0.802344 0.046875 0.064062
0 0.373437 0.869531 0.046875 0.064062
0 0.373437 0.936719 0.046875 0.064062
