0 0.541406 0.082812 0.048438 0.065625
0 0.541406 0.148438 0.048438 0.065625
0 0.541406 0.214062 0.048438 0.065625
0 0.541406 0.279687 0.048438 0.065625
0 0.541406 0.345313 0.048438 0.065625
0 0.541406 0.410938 0.048438 0.065625
0 0.541406 0.476562 0.048438 0.065625
0 0.541406 0.542188 0.048438 0.065625
0 0.541406 0.607812 0.048438 0.065625
0 0.541406 0.673438 0.048438 0.065625
0 0.541406 0.739062 0.048438 0.065625
0 0.541406 0.804688 0.048438 0.065625
0 0.541406 0.870313 0.048438 0.065625
0 0.541406 0.935937 0.048438 0.065625
