0 0.871875 0.080469 0.046875 0.064062
0 0.871875 0.146094 0.046875 0.064062
0 0.871875 0.211719 0.046875 0.064062
0 0.871875 0.277344 0.046875 0.064062
0 0.871875 0.342969 0.046875 0.064062
0 0.871875 0.408594 0.046875 0.064062
0 0.871875 0.474219 0.046875 0.064062
0 0.871875 0.539844 0.046875 0.064062
0 0.871875 0.605469 0.046875 0.064062
0 0.871875 0.671094 0.046875 0.064062
0 0.871875 0.736719 0.046875 0.064062
0 0.871875 0.802344 0.046875 0.064062
0 0.871875 0.867969 0.046875 0.064062
0 0.871875 0.933594 0.046875 0.064062
