0 0.178125 0.356250 0.065625 0.087500
0 0.420312 0.395313 0.065625 0.087500
0 0.356250 0.820312 0.065625 0.087500
0 0.798438 0.518750 0.065625 0.087500
0 0.057813 0.185938 0.065625 0.087500
0 0.350000 0.256250 0.065625 0.087500
0 0.412500 0.318750 0.065625 0.087500
0 0.857812 0.515625 0.065625 0.087500
0 0.896875 0.070312 0.065625 0.087500
0 0.837500 0.609375 0.065625 0.087500
0 0.760938 0.078125 0.065625 0.087500
0 0.153125 0.478125 0.065625 0.087500
0 0.921875 0.362500 0.065625 0.087500
0 0.792188 0.796875 0.065625 0.087500
