0 0.856250 0.075781 0.046875 0.064062
0 0.856250 0.141406 0.046875 0.064062
0 0.856250 0.207031 0.046875 0.064062
0 0.856250 0.272656 0.046875 0.064062
0 0.856250 0.338281 0.046875 0.064062
0 0.856250 0.403906 0.046875 0.064062
0 0.856250 0.469531 0.046875 0.064062
0 0.856250 0.535156 0.046875 0.064062
0 0.856250 0.600781 0.046875 0.064062
0 0.856250 0.666406 0.046875 0.064062
0 0.856250 0.732031 0.046875 0.064062
0 0.856250 0.797656 0.046875 0.064062
0 0.856250 0.863281 0.046875 0.064062
0 0.856250 0.928906 0.046875 0.064062
