0 0.061719 0.925000 0.060937 0.081250
0 0.128906 0.925000 0.060937 0.081250
0 0.196094 0.925000 0.060937 0.081250
0 0.263281 0.925000 0.060937 0.081250
0 0.330469 0.925000 0.060937 0.081250
0 0.397656 0.925000 0.060937 0.081250
0 0.464844 0.925000 0.060937 0.081250
0 0.532031 0.925000 0.060937 0.081250
0 0.599219 0.925000 0.060937 0.081250
0 0.666406 0.925000 0.060937 0.081250
0 0.733594 0.925000 0.060937 0.081250
0 0.800781 0.925000 0.060937 0.081250
0 0.867969 0.925000 0.060937 0.081250
0 0.935156 0.925000 0.060937 0.081250
