0 0.109375 0.592969 0.084375 0.114062
0 0.782813 0.683594 0.084375 0.114062
0 0.348438 0.775781 0.084375 0.114062
0 0.401562 0.389844 0.084375 0.114062
0 0.354687 0.117969 0.084375 0.114062
0 0.400000 0.730469 0.084375 0.114062
0 0.178125 0.557031 0.084375 0.114062
0 0.576562 0.653906 0.084375 0.114062
0 0.568750 0.564844 0.084375 0.114062
0 0.845313 0.422656 0.084375 0.114062
0 0.589063 0.489844 0.084375 0.114062
0 0.243750 0.360156 0.084375 0.114062
0 0.060937 0.371094 0.084375 0.114062
0 0.451562 0.821094 0.084375 0.114062
