0 0.075781 0.238281 0.064062 0.085938
0 0.141406 0.238281 0.064062 0.085938
0 0.207031 0.238281 0.064062 0.085938
0 0.272656 0.238281 0.064062 0.085938
0 0.338281 0.238281 0.064062 0.085938
0 0.403906 0.238281 0.064062 0.085938
0 0.469531 0.238281 0.064062 0.085938
0 0.535156 0.238281 0.064062 0.085938
0 0.600781 0.238281 0.064062 0.085938
0 0.666406 0.238281 0.064062 0.085938
0 0.732031 0.238281 0.064062 0.085938
0 0.797656 0.238281 0.064062 0.085938
0 0.863281 0.238281 0.064062 0.085938
0 0.928906 0.238281 0.064062 0.085938
