0 0.105469 0.531250 0.114062 0.153125
0 0.358594 0.404687 0.114062 0.153125
0 0.791406 0.453125 0.114062 0.153125
0 0.658594 0.570312 0.114062 0.153125
0 0.830469 0.696875 0.114062 0.153125
0 0.744531 0.265625 0.114062 0.153125
0 0.246094 0.787500 0.114062 0.153125
0 0.921094 0.618750 0.114062 0.153125
0 0.416406 0.809375 0.114062 0.153125
0 0.577344 0.507812 0.114062 0.153125
0 0.103906 0.404687 0.114062 0.153125
0 0.217969 0.276562 0.114062 0.153125
0 0.442969 0.293750 0.114062 0.153125
0 0.189844 0.478125 0.114062 0.153125
