0 0.064062 0.789844 0.065625 0.089063
0 0.129688 0.789844 0.065625 0.089063
0 0.195312 0.789844 0.065625 0.089063
0 0.260937 0.789844 0.065625 0.089063
0 0.326562 0.789844 0.065625 0.089063
0 0.392188 0.789844 0.065625 0.089063
0 0.457813 0.789844 0.065625 0.089063
0 0.523438 0.789844 0.065625 0.089063
0 0.589063 0.789844 0.065625 0.089063
0 0.654687 0.789844 0.065625 0.089063
0 0.720313 0.789844 0.065625 0.089063
0 0.785937 0.789844 0.065625 0.089063
0 0.851562 0.789844 0.065625 0.089063
0 0.917188 0.789844 0.065625 0.089063
