0 0.773438 0.069531 0.046875 0.064062
0 0.773438 0.135156 0.046875 0.064062
0 0.773438 0.200781 0.046875 0.064062
0 0.773438 0.266406 0.046875 0.064062
0 0.773438 0.332031 0.046875 0.064062
0 0.773438 0.397656 0.046875 0.064062
0 0.773438 0.463281 0.046875 0.064062
0 0.773438 0.528906 0.046875 0.064062
0 0.773438 0.594531 0.046875 0.064062
0 0.773438 0.660156 0.046875 0.064062
0 0.773438 0.725781 0.046875 0.064062
0 0.773438 0.791406 0.046875 0.064062
0 0.773438 0.857031 0.046875 0.064062
0 0.773438 0.922656 0.046875 0.064062
