0 0.589844 0.925000 0.060937 0.081250
0 0.082031 0.190625 0.060937 0.081250
0 0.510156 0.876563 0.060937 0.081250
0 0.082031 0.417187 0.060937 0.081250
0 0.330469 0.496875 0.060937 0.081250
0 0.144531 0.600000 0.060937 0.081250
0 0.511719 0.437500 0.060937 0.081250
0 0.613281 0.365625 0.060937 0.081250
0 0.677344 0.410938 0.060937 0.081250
0 0.772656 0.896875 0.060937 0.081250
0 0.363281 0.440625 0.060937 0.081250
0 0.260156 0.703125 0.060937 0.081250
0 0.178906 0.864062 0.060937 0.081250
0 0.783594 0.856250 0.060937 0.081250
