0 0.234375 0.466406 0.096875 0.129688
0 0.910937 0.372656 0.096875 0.129688
0 0.587500 0.750781 0.096875 0.129688
0 0.465625 0.514844 0.096875 0.129688
0 0.634375 0.233594 0.096875 0.129688
0 0.135937 0.617969 0.096875 0.129688
0 0.428125 0.769531 0.096875 0.129688
0 0.282813 0.449219 0.096875 0.129688
0 0.179688 0.244531 0.096875 0.129688
0 0.412500 0.672656 0.096875 0.129688
0 0.782813 0.414844 0.096875 0.129688
0 0.134375 0.841406 0.096875 0.129688
0 0.073438 0.863281 0.096875 0.129688
0 0.868750 0.446094 0.096875 0.129688
