0 0.084375 0.567187 0.062500 0.084375
0 0.150000 0.567187 0.062500 0.084375
0 0.215625 0.567187 0.062500 0.084375
0 0.281250 0.567187 0.062500 0.084375
0 0.346875 0.567187 0.062500 0.084375
0 0.412500 0.567187 0.062500 0.084375
0 0.478125 0.567187 0.062500 0.084375
0 0.543750 0.567187 0.062500 0.084375
0 0.609375 0.567187 0.062500 0.084375
0 0.675000 0.567187 0.062500 0.084375
0 0.740625 0.567187 0.062500 0.084375
0 0.806250 0.567187 0.062500 0.084375
0 0.871875 0.567187 0.062500 0.084375
0 0.937500 0.567187 0.062500 0.084375
