0 0.313281 0.079687 0.048438 0.065625
0 0.313281 0.145313 0.048438 0.065625
0 0.313281 0.210938 0.048438 0.065625
0 0.313281 0.276562 0.048438 0.065625
0 0.313281 0.342187 0.048438 0.065625
0 0.313281 0.407813 0.048438 0.065625
0 0.313281 0.473438 0.048438 0.065625
0 0.313281 0.539062 0.048438 0.065625
0 0.313281 0.604688 0.048438 0.065625
0 0.313281 0.670312 0.048438 0.065625
0 0.313281 0.735938 0.048438 0.065625
0 0.313281 0.801562 0.048438 0.065625
0 0.313281 0.867188 0.048438 0.065625
0 0.313281 0.932813 0.048438 0.065625
