0 0.519531 0.360156 0.089063 0.120313
0 0.191406 0.760156 0.089063 0.120313
0 0.122656 0.142969 0.089063 0.120313
0 0.430469 0.191406 0.089063 0.120313
0 0.244531 0.596094 0.089063 0.120313
0 0.113281 0.910156 0.089063 0.120313
0 0.219531 0.528906 0.089063 0.120313
0 0.677344 0.860156 0.089063 0.120313
0 0.414844 0.752344 0.089063 0.120313
0 0.527344 0.736719 0.089063 0.120313
0 0.327344 0.664844 0.089063 0.120313
0 0.336719 0.244531 0.089063 0.120313
0 0.288281 0.086719 0.089063 0.120313
0 0.203906 0.907031 0.089063 0.120313
