0 0.077344 0.410156 0.064062 0.085938
0 0.142969 0.410156 0.064062 0.085938
0 0.208594 0.410156 0.064062 0.085938
0 0.274219 0.410156 0.064062 0.085938
0 0.339844 0.410156 0.064062 0.085938
0 0.405469 0.410156 0.064062 0.085938
0 0.471094 0.410156 0.064062 0.085938
0 0.536719 0.410156 0.064062 0.085938
0 0.602344 0.410156 0.064062 0.085938
0 0.667969 0.410156 0.064062 0.085938
0 0.733594 0.410156 0.064062 0.085938
0 0.799219 0.410156 0.064062 0.085938
0 0.864844 0.410156 0.064062 0.085938
0 0.930469 0.410156 0.064062 0.085938
