0 0.538281 0.634375 0.089063 0.118750
0 0.300781 0.700000 0.089063 0.118750
0 0.674219 0.346875 0.089063 0.118750
0 0.577344 0.790625 0.089063 0.118750
0 0.319531 0.623437 0.089063 0.118750
0 0.074219 0.785937 0.089063 0.118750
0 0.771094 0.503125 0.089063 0.118750
0 0.546094 0.175000 0.089063 0.118750
0 0.550781 0.870313 0.089063 0.118750
0 0.514844 0.723437 0.089063 0.118750
0 0.866406 0.557813 0.089063 0.118750
0 0.889844 0.623437 0.089063 0.118750
0 0.230469 0.682813 0.089063 0.118750
0 0.564844 0.090625 0.089063 0.118750
