0 0.069531 0.539844 0.064062 0.085938
0 0.135156 0.539844 0.064062 0.085938
0 0.200781 0.539844 0.064062 0.085938
0 0.266406 0.539844 0.064062 0.085938
0 0.332031 0.539844 0.064062 0.085938
0 0.397656 0.539844 0.064062 0.085938
0 0.463281 0.539844 0.064062 0.085938
0 0.528906 0.539844 0.064062 0.085938
0 0.594531 0.539844 0.064062 0.085938
0 0.660156 0.539844 0.064062 0.085938
0 0.725781 0.539844 0.064062 0.085938
0 0.791406 0.539844 0.064062 0.085938
0 0.857031 0.539844 0.064062 0.085938
0 0.922656 0.539844 0.064062 0.085938
