0 0.420312 0.702344 0.106250 0.142187
0 0.706250 0.452344 0.106250 0.142187
0 0.168750 0.588281 0.106250 0.142187
0 0.184375 0.364844 0.106250 0.142187
0 0.182812 0.210156 0.106250 0.142187
0 0.503125 0.113281 0.106250 0.142187
0 0.406250 0.599219 0.106250 0.142187
0 0.831250 0.086719 0.106250 0.142187
0 0.092188 0.199219 0.106250 0.142187
0 0.559375 0.203906 0.106250 0.142187
0 0.714063 0.825781 0.106250 0.142187
0 0.904687 0.844531 0.106250 0.142187
0 0.437500 0.213281 0.106250 0.142187
0 0.690625 0.130469 0.106250 0.142187
