0 0.083594 0.121094 0.064062 0.085938
0 0.149219 0.121094 0.064062 0.085938
0 0.214844 0.121094 0.064062 0.085938
0 0.280469 0.121094 0.064062 0.085938
0 0.346094 0.121094 0.064062 0.085938
0 0.411719 0.121094 0.064062 0.085938
0 0.477344 0.121094 0.064062 0.085938
0 0.542969 0.121094 0.064062 0.085938
0 0.608594 0.121094 0.064062 0.085938
0 0.674219 0.121094 0.064062 0.085938
0 0.739844 0.121094 0.064062 0.085938
0 0.805469 0.121094 0.064062 0.085938
0 0.871094 0.121094 0.064062 0.085938
0 0.936719 0.121094 0.064062 0.085938
