0 0.735938 0.333594 0.096875 0.129688
0 0.750000 0.128906 0.096875 0.129688
0 0.510938 0.344531 0.096875 0.129688
0 0.398438 0.238281 0.096875 0.129688
0 0.657813 0.227344 0.096875 0.129688
0 0.928125 0.880469 0.096875 0.129688
0 0.642188 0.624219 0.096875 0.129688
0 0.100000 0.752344 0.096875 0.129688
0 0.821875 0.269531 0.096875 0.129688
0 0.306250 0.353906 0.096875 0.129688
0 0.748437 0.585156 0.096875 0.129688
0 0.512500 0.825781 0.096875 0.129688
0 0.775000 0.752344 0.096875 0.129688
0 0.934375 0.142969 0.096875 0.129688
