0 0.833594 0.082812 0.085938 0.115625
0 0.286719 0.550000 0.085938 0.115625
0 0.088281 0.217188 0.085938 0.115625
0 0.350781 0.498437 0.085938 0.115625
0 0.152344 0.471875 0.085938 0.115625
0 0.527344 0.460938 0.085938 0.115625
0 0.550781 0.140625 0.085938 0.115625
0 0.860156 0.200000 0.085938 0.115625
0 0.503906 0.098437 0.085938 0.115625
0 0.874219 0.307812 0.085938 0.115625
0 0.855469 0.470313 0.085938 0.115625
0 0.300781 0.389062 0.085938 0.115625
0 0.799219 0.918750 0.085938 0.115625
0 0.553906 0.848437 0.085938 0.115625
