0 0.205469 0.606250 0.067187 0.090625
0 0.121094 0.798438 0.067187 0.090625
0 0.516406 0.756250 0.067187 0.090625
0 0.274219 0.118750 0.067187 0.090625
0 0.146094 0.860938 0.067187 0.090625
0 0.817969 0.910937 0.067187 0.090625
0 0.827344 0.568750 0.067187 0.090625
0 0.755469 0.534375 0.067187 0.090625
0 0.783594 0.350000 0.067187 0.090625
0 0.678906 0.904687 0.067187 0.090625
0 0.874219 0.540625 0.067187 0.090625
0 0.761719 0.664062 0.067187 0.090625
0 0.378906 0.601562 0.067187 0.090625
0 0.716406 0.281250 0.067187 0.090625
