0 0.701562 0.069531 0.046875 0.064062
0 0.701562 0.135156 0.046875 0.064062
0 0.701562 0.200781 0.046875 0.064062
0 0.701562 0.266406 0.046875 0.064062
0 0.701562 0.332031 0.046875 0.064062
0 0.701562 0.397656 0.046875 0.064062
0 0.701562 0.463281 0.046875 0.064062
0 0.701562 0.528906 0.046875 0.064062
0 0.701562 0.594531 0.046875 0.064062
0 0.701562 0.660156 0.046875 0.064062
0 0.701562 0.725781 0.046875 0.064062
0 0.701562 0.791406 0.046875 0.064062
0 0.701562 0.857031 0.046875 0.064062
0 0.701562 0.922656 0.046875 0.064062
