0 0.534375 0.072656 0.046875 0.064062
0 0.534375 0.138281 0.046875 0.064062
0 0.534375 0.203906 0.046875 0.064062
0 0.534375 0.269531 0.046875 0.064062
0 0.534375 0.335156 0.046875 0.064062
0 0.534375 0.400781 0.046875 0.064062
0 0.534375 0.466406 0.046875 0.064062
0 0.534375 0.532031 0.046875 0.064062
0 0.534375 0.597656 0.046875 0.064062
0 0.534375 0.663281 0.046875 0.064062
0 0.534375 0.728906 0.046875 0.064062
0 0.534375 0.794531 0.046875 0.064062
0 0.534375 0.860156 0.046875 0.064062
0 0.534375 0.925781 0.046875 0.064062
