0 0.159375 0.130469 0.075000 0.101562
0 0.603125 0.160156 0.075000 0.101562
0 0.506250 0.591406 0.075000 0.101562
0 0.939063 0.521094 0.075000 0.101562
0 0.312500 0.536719 0.075000 0.101562
0 0.064062 0.925781 0.075000 0.101562
0 0.421875 0.261719 0.075000 0.101562
0 0.196875 0.324219 0.075000 0.101562
0 0.681250 0.566406 0.075000 0.101562
0 0.281250 0.453906 0.075000 0.101562
0 0.646875 0.510156 0.075000 0.101562
0 0.481250 0.214844 0.075000 0.101562
0 0.342187 0.699219 0.075000 0.101562
0 0.423438 0.707031 0.075000 0.101562
