0 0.648438 0.406250 0.081250 0.109375
0 0.468750 0.850000 0.081250 0.109375
0 0.265625 0.143750 0.081250 0.109375
0 0.081250 0.215625 0.081250 0.109375
0 0.267188 0.537500 0.081250 0.109375
0 0.717187 0.484375 0.081250 0.109375
0 0.817187 0.862500 0.081250 0.109375
0 0.348438 0.492188 0.081250 0.109375
0 0.760938 0.315625 0.081250 0.109375
0 0.157812 0.357812 0.081250 0.109375
0 0.604688 0.685937 0.081250 0.109375
0 0.867188 0.304688 0.081250 0.109375
0 0.215625 0.278125 0.081250 0.109375
0 0.876563 0.135937 0.081250 0.109375
