0 0.870313 0.728125 0.112500 0.150000
0 0.634375 0.250000 0.112500 0.150000
0 0.154688 0.707812 0.112500 0.150000
0 0.920312 0.301563 0.112500 0.150000
0 0.635938 0.498437 0.112500 0.150000
0 0.554688 0.506250 0.112500 0.150000
0 0.545312 0.098437 0.112500 0.150000
0 0.721875 0.771875 0.112500 0.150000
0 0.823438 0.156250 0.112500 0.150000
0 0.143750 0.567187 0.112500 0.150000
0 0.168750 0.367188 0.112500 0.150000
0 0.926562 0.446875 0.112500 0.150000
0 0.764062 0.195312 0.112500 0.150000
0 0.850000 0.306250 0.112500 0.150000
