0 0.278906 0.607812 0.067187 0.090625
0 0.275781 0.087500 0.067187 0.090625
0 0.807031 0.348438 0.067187 0.090625
0 0.613281 0.565625 0.067187 0.090625
0 0.792969 0.540625 0.067187 0.090625
0 0.600781 0.634375 0.067187 0.090625
0 0.217969 0.229687 0.067187 0.090625
0 0.194531 0.332813 0.067187 0.090625
0 0.505469 0.917188 0.067187 0.090625
0 0.871094 0.734375 0.067187 0.090625
0 0.063281 0.860938 0.067187 0.090625
0 0.417969 0.760938 0.067187 0.090625
0 0.100781 0.845313 0.067187 0.090625
0 0.528906 0.129688 0.067187 0.090625
