0 0.408594 0.380469 0.107813 0.145313
0 0.603906 0.817969 0.107813 0.145313
0 0.422656 0.482031 0.107813 0.145313
0 0.402344 0.167969 0.107813 0.145313
0 0.538281 0.849219 0.107813 0.145313
0 0.802344 0.339844 0.107813 0.145313
0 0.185156 0.727344 0.107813 0.145313
0 0.114844 0.867969 0.107813 0.145313
0 0.866406 0.174219 0.107813 0.145313
0 0.152344 0.524219 0.107813 0.145313
0 0.547656 0.633594 0.107813 0.145313
0 0.663281 0.683594 0.107813 0.145313
0 0.214844 0.486719 0.107813 0.145313
0 0.564844 0.494531 0.107813 0.145313
