0 0.082031 0.282031 0.060937 0.082812
0 0.147656 0.282031 0.060937 0.082812
0 0.213281 0.282031 0.060937 0.082812
0 0.278906 0.282031 0.060937 0.082812
0 0.344531 0.282031 0.060937 0.082812
0 0.410156 0.282031 0.060937 0.082812
0 0.475781 0.282031 0.060937 0.082812
0 0.541406 0.282031 0.060937 0.082812
0 0.607031 0.282031 0.060937 0.082812
0 0.672656 0.282031 0.060937 0.082812
0 0.738281 0.282031 0.060937 0.082812
0 0.803906 0.282031 0.060937 0.082812
0 0.869531 0.282031 0.060937 0.082812
0 0.935156 0.282031 0.060937 0.082812
