0 0.399219 0.065625 0.048438 0.065625
0 0.399219 0.131250 0.048438 0.065625
0 0.399219 0.196875 0.048438 0.065625
0 0.399219 0.262500 0.048438 0.065625
0 0.399219 0.328125 0.048438 0.065625
0 0.399219 0.393750 0.048438 0.065625
0 0.399219 0.459375 0.048438 0.065625
0 0.399219 0.525000 0.048438 0.065625
0 0.399219 0.590625 0.048438 0.065625
0 0.399219 0.656250 0.048438 0.065625
0 0.399219 0.721875 0.048438 0.065625
0 0.399219 0.787500 0.048438 0.065625
0 0.399219 0.853125 0.048438 0.065625
0 0.399219 0.918750 0.048438 0.065625
