0 0.258594 0.496094 0.098437 0.132812
0 0.436719 0.574219 0.098437 0.132812
0 0.213281 0.735156 0.098437 0.132812
0 0.417969 0.283594 0.098437 0.132812
0 0.880469 0.908594 0.098437 0.132812
0 0.594531 0.689844 0.098437 0.132812
0 0.919531 0.378906 0.098437 0.132812
0 0.066406 0.258594 0.098437 0.132812
0 0.763281 0.897656 0.098437 0.132812
0 0.867969 0.110156 0.098437 0.132812
0 0.414844 0.849219 0.098437 0.132812
0 0.824219 0.616406 0.098437 0.132812
0 0.614844 0.608594 0.098437 0.132812
0 0.846094 0.521094 0.098437 0.132812
