0 0.821875 0.062500 0.046875 0.062500
0 0.821875 0.129688 0.046875 0.062500
0 0.821875 0.196875 0.046875 0.062500
0 0.821875 0.264062 0.046875 0.062500
0 0.821875 0.331250 0.046875 0.062500
0 0.821875 0.398438 0.046875 0.062500
0 0.821875 0.465625 0.046875 0.062500
0 0.821875 0.532813 0.046875 0.062500
0 0.821875 0.600000 0.046875 0.062500
0 0.821875 0.667188 0.046875 0.062500
0 0.821875 0.734375 0.046875 0.062500
0 0.821875 0.801562 0.046875 0.062500
0 0.821875 0.868750 0.046875 0.062500
0 0.821875 0.935937 0.046875 0.062500
