0 0.434375 0.142187 0.065625 0.087500
0 0.550000 0.306250 0.065625 0.087500
0 0.520312 0.701562 0.065625 0.087500
0 0.617188 0.639062 0.065625 0.087500
0 0.109375 0.362500 0.065625 0.087500
0 0.900000 0.200000 0.065625 0.087500
0 0.700000 0.635938 0.065625 0.087500
0 0.778125 0.709375 0.065625 0.087500
0 0.532813 0.250000 0.065625 0.087500
0 0.273438 0.709375 0.065625 0.087500
0 0.135937 0.725000 0.065625 0.087500
0 0.212500 0.095312 0.065625 0.087500
0 0.656250 0.207813 0.065625 0.087500
0 0.890625 0.270313 0.065625 0.087500
