0 0.320312 0.378906 0.106250 0.142187
0 0.215625 0.563281 0.106250 0.142187
0 0.585938 0.089844 0.106250 0.142187
0 0.401562 0.519531 0.106250 0.142187
0 0.837500 0.311719 0.106250 0.142187
0 0.548438 0.836719 0.106250 0.142187
0 0.509375 0.691406 0.106250 0.142187
0 0.384375 0.324219 0.106250 0.142187
0 0.800000 0.913281 0.106250 0.142187
0 0.081250 0.549219 0.106250 0.142187
0 0.764062 0.766406 0.106250 0.142187
0 0.665625 0.889844 0.106250 0.142187
0 0.457813 0.222656 0.106250 0.142187
0 0.171875 0.486719 0.106250 0.142187
