0 0.731250 0.447656 0.084375 0.114062
0 0.301563 0.842969 0.084375 0.114062
0 0.289062 0.586719 0.084375 0.114062
0 0.351562 0.588281 0.084375 0.114062
0 0.464062 0.861719 0.084375 0.114062
0 0.348438 0.372656 0.084375 0.114062
0 0.429688 0.489844 0.084375 0.114062
0 0.459375 0.580469 0.084375 0.114062
0 0.445312 0.085156 0.084375 0.114062
0 0.131250 0.757031 0.084375 0.114062
0 0.273438 0.516406 0.084375 0.114062
0 0.339062 0.244531 0.084375 0.114062
0 0.206250 0.741406 0.084375 0.114062
0 0.809375 0.378906 0.084375 0.114062
