0 0.075000 0.690625 0.062500 0.084375
0 0.140625 0.690625 0.062500 0.084375
0 0.206250 0.690625 0.062500 0.084375
0 0.271875 0.690625 0.062500 0.084375
0 0.337500 0.690625 0.062500 0.084375
0 0.403125 0.690625 0.062500 0.084375
0 0.468750 0.690625 0.062500 0.084375
0 0.534375 0.690625 0.062500 0.084375
0 0.600000 0.690625 0.062500 0.084375
0 0.665625 0.690625 0.062500 0.084375
0 0.731250 0.690625 0.062500 0.084375
0 0.796875 0.690625 0.062500 0.084375
0 0.862500 0.690625 0.062500 0.084375
0 0.928125 0.690625 0.062500 0.084375
