0 0.075000 0.557031 0.065625 0.089063
0 0.140625 0.557031 0.065625 0.089063
0 0.206250 0.557031 0.065625 0.089063
0 0.271875 0.557031 0.065625 0.089063
0 0.337500 0.557031 0.065625 0.089063
0 0.403125 0.557031 0.065625 0.089063
0 0.468750 0.557031 0.065625 0.089063
0 0.534375 0.557031 0.065625 0.089063
0 0.600000 0.557031 0.065625 0.089063
0 0.665625 0.557031 0.065625 0.089063
0 0.731250 0.557031 0.065625 0.089063
0 0.796875 0.557031 0.065625 0.089063
0 0.862500 0.557031 0.065625 0.089063
0 0.928125 0.557031 0.065625 0.089063
