0 0.460156 0.557813 0.117188 0.156250
0 0.607031 0.768750 0.117188 0.156250
0 0.282031 0.751563 0.117188 0.156250
0 0.094531 0.151562 0.117188 0.156250
0 0.199219 0.204687 0.117188 0.156250
0 0.875781 0.731250 0.117188 0.156250
0 0.582031 0.896875 0.117188 0.156250
0 0.716406 0.775000 0.117188 0.156250
0 0.222656 0.746875 0.117188 0.156250
0 0.686719 0.328125 0.117188 0.156250
0 0.719531 0.642188 0.117188 0.156250
0 0.182031 0.534375 0.117188 0.156250
0 0.361719 0.390625 0.117188 0.156250
0 0.517969 0.862500 0.117188 0.156250
