0 0.185938 0.793750 0.084375 0.112500
0 0.150000 0.621875 0.084375 0.112500
0 0.164062 0.271875 0.084375 0.112500
0 0.570312 0.834375 0.084375 0.112500
0 0.268750 0.464062 0.084375 0.112500
0 0.764062 0.109375 0.084375 0.112500
0 0.593750 0.464062 0.084375 0.112500
0 0.626563 0.320312 0.084375 0.112500
0 0.512500 0.890625 0.084375 0.112500
0 0.514062 0.314063 0.084375 0.112500
0 0.448437 0.796875 0.084375 0.112500
0 0.173437 0.403125 0.084375 0.112500
0 0.860938 0.679688 0.084375 0.112500
0 0.914062 0.484375 0.084375 0.112500
