0 0.071094 0.822656 0.110937 0.148438
0 0.158594 0.591406 0.110937 0.148438
0 0.742969 0.802344 0.110937 0.148438
0 0.746094 0.127344 0.110937 0.148438
0 0.141406 0.214844 0.110937 0.148438
0 0.150781 0.435156 0.110937 0.148438
0 0.227344 0.421094 0.110937 0.148438
0 0.253906 0.707031 0.110937 0.148438
0 0.827344 0.652344 0.110937 0.148438
0 0.127344 0.699219 0.110937 0.148438
0 0.327344 0.697656 0.110937 0.148438
0 0.319531 0.869531 0.110937 0.148438
0 0.249219 0.553906 0.110937 0.148438
0 0.742969 0.541406 0.110937 0.148438
