0 0.332031 0.082812 0.048438 0.065625
0 0.332031 0.148438 0.048438 0.065625
0 0.332031 0.214062 0.048438 0.065625
0 0.332031 0.279687 0.048438 0.065625
0 0.332031 0.345313 0.048438 0.065625
0 0.332031 0.410938 0.048438 0.065625
0 0.332031 0.476562 0.048438 0.065625
0 0.332031 0.542188 0.048438 0.065625
0 0.332031 0.607812 0.048438 0.065625
0 0.332031 0.673438 0.048438 0.065625
0 0.332031 0.739062 0.048438 0.065625
0 0.332031 0.804688 0.048438 0.065625
0 0.332031 0.870313 0.048438 0.065625
0 0.332031 0.935937 0.048438 0.065625
