0 0.670312 0.850781 0.068750 0.092188
0 0.300000 0.792969 0.068750 0.092188
0 0.407813 0.578906 0.068750 0.092188
0 0.575000 0.861719 0.068750 0.092188
0 0.210938 0.689844 0.068750 0.092188
0 0.428125 0.935156 0.068750 0.092188
0 0.850000 0.194531 0.068750 0.092188
0 0.787500 0.202344 0.068750 0.092188
0 0.257812 0.667969 0.068750 0.092188
0 0.056250 0.213281 0.068750 0.092188
0 0.935937 0.091406 0.068750 0.092188
0 0.381250 0.249219 0.068750 0.092188
0 0.364063 0.536719 0.068750 0.092188
0 0.279687 0.324219 0.068750 0.092188
