0 0.626563 0.533594 0.106250 0.142187
0 0.907813 0.097656 0.106250 0.142187
0 0.662500 0.730469 0.106250 0.142187
0 0.718750 0.692969 0.106250 0.142187
0 0.510938 0.132031 0.106250 0.142187
0 0.507812 0.225781 0.106250 0.142187
0 0.570312 0.250781 0.106250 0.142187
0 0.893750 0.453906 0.106250 0.142187
0 0.534375 0.717969 0.106250 0.142187
0 0.128125 0.482031 0.106250 0.142187
0 0.382812 0.844531 0.106250 0.142187
0 0.153125 0.227344 0.106250 0.142187
0 0.921875 0.261719 0.106250 0.142187
0 0.487500 0.824219 0.106250 0.142187
