0 0.461719 0.475000 0.070312 0.093750
0 0.736719 0.929688 0.070312 0.093750
0 0.169531 0.556250 0.070312 0.093750
0 0.882031 0.101562 0.070312 0.093750
0 0.557031 0.618750 0.070312 0.093750
0 0.671094 0.328125 0.070312 0.093750
0 0.619531 0.218750 0.070312 0.093750
0 0.427344 0.810937 0.070312 0.093750
0 0.685156 0.693750 0.070312 0.093750
0 0.166406 0.918750 0.070312 0.093750
0 0.833594 0.810937 0.070312 0.093750
0 0.363281 0.635938 0.070312 0.093750
0 0.283594 0.468750 0.070312 0.093750
0 0.396094 0.687500 0.070312 0.093750
