0 0.073438 0.757031 0.065625 0.089063
0 0.139063 0.757031 0.065625 0.089063
0 0.204687 0.757031 0.065625 0.089063
0 0.270313 0.757031 0.065625 0.089063
0 0.335938 0.757031 0.065625 0.089063
0 0.401562 0.757031 0.065625 0.089063
0 0.467187 0.757031 0.065625 0.089063
0 0.532813 0.757031 0.065625 0.089063
0 0.598437 0.757031 0.065625 0.089063
0 0.664062 0.757031 0.065625 0.089063
0 0.729688 0.757031 0.065625 0.089063
0 0.795312 0.757031 0.065625 0.089063
0 0.860938 0.757031 0.065625 0.089063
0 0.926562 0.757031 0.065625 0.089063
