0 0.079687 0.461719 0.065625 0.089063
0 0.145313 0.461719 0.065625 0.089063
0 0.210938 0.461719 0.065625 0.089063
0 0.276562 0.461719 0.065625 0.089063
0 0.342187 0.461719 0.065625 0.089063
0 0.407813 0.461719 0.065625 0.089063
0 0.473438 0.461719 0.065625 0.089063
0 0.539062 0.461719 0.065625 0.089063
0 0.604688 0.461719 0.065625 0.089063
0 0.670312 0.461719 0.065625 0.089063
0 0.735938 0.461719 0.065625 0.089063
0 0.801562 0.461719 0.065625 0.089063
0 0.867188 0.461719 0.065625 0.089063
0 0.932813 0.461719 0.065625 0.089063
