0 0.064844 0.780469 0.064062 0.085938
0 0.130469 0.780469 0.064062 0.085938
0 0.196094 0.780469 0.064062 0.085938
0 0.261719 0.780469 0.064062 0.085938
0 0.327344 0.780469 0.064062 0.085938
0 0.392969 0.780469 0.064062 0.085938
0 0.458594 0.780469 0.064062 0.085938
0 0.524219 0.780469 0.064062 0.085938
0 0.589844 0.780469 0.064062 0.085938
0 0.655469 0.780469 0.064062 0.085938
0 0.721094 0.780469 0.064062 0.085938
0 0.786719 0.780469 0.064062 0.085938
0 0.852344 0.780469 0.064062 0.085938
0 0.917969 0.780469 0.064062 0.085938
