0 0.168750 0.598437 0.100000 0.134375
0 0.145313 0.435937 0.100000 0.134375
0 0.423438 0.748437 0.100000 0.134375
0 0.654687 0.565625 0.100000 0.134375
0 0.929688 0.532813 0.100000 0.134375
0 0.782813 0.134375 0.100000 0.134375
0 0.496875 0.787500 0.100000 0.134375
0 0.335938 0.440625 0.100000 0.134375
0 0.817187 0.229687 0.100000 0.134375
0 0.910937 0.256250 0.100000 0.134375
0 0.215625 0.871875 0.100000 0.134375
0 0.175000 0.173437 0.100000 0.134375
0 0.670312 0.384375 0.100000 0.134375
0 0.864062 0.126562 0.100000 0.134375
