0 0.066406 0.857031 0.064062 0.085938
0 0.132031 0.857031 0.064062 0.085938
0 0.197656 0.857031 0.064062 0.085938
0 0.263281 0.857031 0.064062 0.085938
0 0.328906 0.857031 0.064062 0.085938
0 0.394531 0.857031 0.064062 0.085938
0 0.460156 0.857031 0.064062 0.085938
0 0.525781 0.857031 0.064062 0.085938
0 0.591406 0.857031 0.064062 0.085938
0 0.657031 0.857031 0.064062 0.085938
0 0.722656 0.857031 0.064062 0.085938
0 0.788281 0.857031 0.064062 0.085938
0 0.853906 0.857031 0.064062 0.085938
0 0.919531 0.857031 0.064062 0.085938
