0 0.065625 0.750000 0.062500 0.084375
0 0.131250 0.750000 0.062500 0.084375
0 0.196875 0.750000 0.062500 0.084375
0 0.262500 0.750000 0.062500 0.084375
0 0.328125 0.750000 0.062500 0.084375
0 0.393750 0.750000 0.062500 0.084375
0 0.459375 0.750000 0.062500 0.084375
0 0.525000 0.750000 0.062500 0.084375
0 0.590625 0.750000 0.062500 0.084375
0 0.656250 0.750000 0.062500 0.084375
0 0.721875 0.750000 0.062500 0.084375
0 0.787500 0.750000 0.062500 0.084375
0 0.853125 0.750000 0.062500 0.084375
0 0.918750 0.750000 0.062500 0.084375
