0 0.080469 0.560156 0.060937 0.082812
0 0.146094 0.560156 0.060937 0.082812
0 0.211719 0.560156 0.060937 0.082812
0 0.277344 0.560156 0.060937 0.082812
0 0.342969 0.560156 0.060937 0.082812
0 0.408594 0.560156 0.060937 0.082812
0 0.474219 0.560156 0.060937 0.082812
0 0.539844 0.560156 0.060937 0.082812
0 0.605469 0.560156 0.060937 0.082812
0 0.671094 0.560156 0.060937 0.082812
0 0.736719 0.560156 0.060937 0.082812
0 0.802344 0.560156 0.060937 0.082812
0 0.867969 0.560156 0.060937 0.082812
0 0.933594 0.560156 0.060937 0.082812
