0 0.780469 0.500781 0.092188 0.123438
0 0.900781 0.796094 0.092188 0.123438
0 0.427344 0.705469 0.092188 0.123438
0 0.541406 0.189844 0.092188 0.123438
0 0.782031 0.638281 0.092188 0.123438
0 0.617969 0.858594 0.092188 0.123438
0 0.103906 0.725781 0.092188 0.123438
0 0.522656 0.110156 0.092188 0.123438
0 0.666406 0.907031 0.092188 0.123438
0 0.080469 0.471094 0.092188 0.123438
0 0.789844 0.825781 0.092188 0.123438
0 0.416406 0.846094 0.092188 0.123438
0 0.383594 0.135156 0.092188 0.123438
0 0.767969 0.247656 0.092188 0.123438
