0 0.067187 0.514062 0.062500 0.084375
0 0.132812 0.514062 0.062500 0.084375
0 0.198437 0.514062 0.062500 0.084375
0 0.264062 0.514062 0.062500 0.084375
0 0.329688 0.514062 0.062500 0.084375
0 0.395313 0.514062 0.062500 0.084375
0 0.460938 0.514062 0.062500 0.084375
0 0.526563 0.514062 0.062500 0.084375
0 0.592187 0.514062 0.062500 0.084375
0 0.657813 0.514062 0.062500 0.084375
0 0.723437 0.514062 0.062500 0.084375
0 0.789062 0.514062 0.062500 0.084375
0 0.854688 0.514062 0.062500 0.084375
0 0.920312 0.514062 0.062500 0.084375
