0 0.198437 0.242188 0.084375 0.112500
0 0.414062 0.100000 0.084375 0.112500
0 0.764062 0.471875 0.084375 0.112500
0 0.679688 0.071875 0.084375 0.112500
0 0.906250 0.814063 0.084375 0.112500
0 0.325000 0.360938 0.084375 0.112500
0 0.657813 0.168750 0.084375 0.112500
0 0.868750 0.896875 0.084375 0.112500
0 0.850000 0.520312 0.084375 0.112500
0 0.823438 0.273438 0.084375 0.112500
0 0.409375 0.409375 0.084375 0.112500
0 0.621875 0.304688 0.084375 0.112500
0 0.876563 0.706250 0.084375 0.112500
0 0.432812 0.818750 0.084375 0.112500
