0 0.824219 0.693750 0.085938 0.115625
0 0.444531 0.510938 0.085938 0.115625
0 0.682031 0.776563 0.085938 0.115625
0 0.219531 0.837500 0.085938 0.115625
0 0.252344 0.693750 0.085938 0.115625
0 0.358594 0.665625 0.085938 0.115625
0 0.913281 0.789062 0.085938 0.115625
0 0.582031 0.650000 0.085938 0.115625
0 0.269531 0.832812 0.085938 0.115625
0 0.299219 0.651563 0.085938 0.115625
0 0.585156 0.110937 0.085938 0.115625
0 0.186719 0.250000 0.085938 0.115625
0 0.171094 0.807813 0.085938 0.115625
0 0.880469 0.203125 0.085938 0.115625
