0 0.676562 0.417187 0.109375 0.146875
0 0.621875 0.537500 0.109375 0.146875
0 0.289062 0.484375 0.109375 0.146875
0 0.578125 0.103125 0.109375 0.146875
0 0.146875 0.760938 0.109375 0.146875
0 0.609375 0.873437 0.109375 0.146875
0 0.378125 0.362500 0.109375 0.146875
0 0.857812 0.385937 0.109375 0.146875
0 0.295312 0.685937 0.109375 0.146875
0 0.253125 0.760938 0.109375 0.146875
0 0.754687 0.881250 0.109375 0.146875
0 0.382812 0.721875 0.109375 0.146875
0 0.920312 0.115625 0.109375 0.146875
0 0.731250 0.762500 0.109375 0.146875
