0 0.136719 0.538281 0.079687 0.107813
0 0.808594 0.582031 0.079687 0.107813
0 0.425781 0.425781 0.079687 0.107813
0 0.442969 0.178906 0.079687 0.107813
0 0.883594 0.878906 0.079687 0.107813
0 0.108594 0.658594 0.079687 0.107813
0 0.203906 0.241406 0.079687 0.107813
0 0.510156 0.146094 0.079687 0.107813
0 0.747656 0.457031 0.079687 0.107813
0 0.432031 0.785156 0.079687 0.107813
0 0.907031 0.407031 0.079687 0.107813
0 0.213281 0.728906 0.079687 0.107813
0 0.271094 0.082031 0.079687 0.107813
0 0.525781 0.366406 0.079687 0.107813
