0 0.770312 0.064062 0.046875 0.062500
0 0.770312 0.131250 0.046875 0.062500
0 0.770312 0.198437 0.046875 0.062500
0 0.770312 0.265625 0.046875 0.062500
0 0.770312 0.332813 0.046875 0.062500
0 0.770312 0.400000 0.046875 0.062500
0 0.770312 0.467187 0.046875 0.062500
0 0.770312 0.534375 0.046875 0.062500
0 0.770312 0.601562 0.046875 0.062500
0 0.770312 0.668750 0.046875 0.062500
0 0.770312 0.735938 0.046875 0.062500
0 0.770312 0.803125 0.046875 0.062500
0 0.770312 0.870313 0.046875 0.062500
0 0.770312 0.937500 0.046875 0.062500
