0 0.367188 0.063281 0.046875 0.064062
0 0.367188 0.128906 0.046875 0.064062
0 0.367188 0.194531 0.046875 0.064062
0 0.367188 0.260156 0.046875 0.064062
0 0.367188 0.325781 0.046875 0.064062
0 0.367188 0.391406 0.046875 0.064062
0 0.367188 0.457031 0.046875 0.064062
0 0.367188 0.522656 0.046875 0.064062
0 0.367188 0.588281 0.046875 0.064062
0 0.367188 0.653906 0.046875 0.064062
0 0.367188 0.719531 0.046875 0.064062
0 0.367188 0.785156 0.046875 0.064062
0 0.367188 0.850781 0.046875 0.064062
0 0.367188 0.916406 0.046875 0.064062
