0 0.192188 0.531250 0.065625 0.087500
0 0.689063 0.656250 0.065625 0.087500
0 0.403125 0.717187 0.065625 0.087500
0 0.835938 0.181250 0.065625 0.087500
0 0.284375 0.384375 0.065625 0.087500
0 0.632812 0.085938 0.065625 0.087500
0 0.181250 0.304688 0.065625 0.087500
0 0.359375 0.506250 0.065625 0.087500
0 0.471875 0.125000 0.065625 0.087500
0 0.164062 0.812500 0.065625 0.087500
0 0.765625 0.467187 0.065625 0.087500
0 0.337500 0.721875 0.065625 0.087500
0 0.165625 0.745313 0.065625 0.087500
0 0.934375 0.748437 0.065625 0.087500
