0 0.392969 0.129688 0.098437 0.131250
0 0.457031 0.729688 0.098437 0.131250
0 0.758594 0.507812 0.098437 0.131250
0 0.769531 0.125000 0.098437 0.131250
0 0.222656 0.525000 0.098437 0.131250
0 0.508594 0.207813 0.098437 0.131250
0 0.683594 0.781250 0.098437 0.131250
0 0.674219 0.462500 0.098437 0.131250
0 0.191406 0.653125 0.098437 0.131250
0 0.583594 0.489063 0.098437 0.131250
0 0.302344 0.545312 0.098437 0.131250
0 0.846094 0.890625 0.098437 0.131250
0 0.816406 0.357812 0.098437 0.131250
0 0.196094 0.337500 0.098437 0.131250
