0 0.082812 0.349219 0.065625 0.089063
0 0.148438 0.349219 0.065625 0.089063
0 0.214062 0.349219 0.065625 0.089063
0 0.279687 0.349219 0.065625 0.089063
0 0.345313 0.349219 0.065625 0.089063
0 0.410938 0.349219 0.065625 0.089063
0 0.476562 0.349219 0.065625 0.089063
0 0.542188 0.349219 0.065625 0.089063
0 0.607812 0.349219 0.065625 0.089063
0 0.673438 0.349219 0.065625 0.089063
0 0.739062 0.349219 0.065625 0.089063
0 0.804688 0.349219 0.065625 0.089063
0 0.870313 0.349219 0.065625 0.089063
0 0.935937 0.349219 0.065625 0.089063
