0 0.071094 0.511719 0.060937 0.082812
0 0.136719 0.511719 0.060937 0.082812
0 0.202344 0.511719 0.060937 0.082812
0 0.267969 0.511719 0.060937 0.082812
0 0.333594 0.511719 0.060937 0.082812
0 0.399219 0.511719 0.060937 0.082812
0 0.464844 0.511719 0.060937 0.082812
0 0.530469 0.511719 0.060937 0.082812
0 0.596094 0.511719 0.060937 0.082812
0 0.661719 0.511719 0.060937 0.082812
0 0.727344 0.511719 0.060937 0.082812
0 0.792969 0.511719 0.060937 0.082812
0 0.858594 0.511719 0.060937 0.082812
0 0.924219 0.511719 0.060937 0.082812
