0 0.871094 0.782031 0.101562 0.135937
0 0.652344 0.178906 0.101562 0.135937
0 0.924219 0.585156 0.101562 0.135937
0 0.903906 0.363281 0.101562 0.135937
0 0.767969 0.366406 0.101562 0.135937
0 0.694531 0.417969 0.101562 0.135937
0 0.535156 0.702344 0.101562 0.135937
0 0.308594 0.905469 0.101562 0.135937
0 0.564844 0.161719 0.101562 0.135937
0 0.864844 0.533594 0.101562 0.135937
0 0.449219 0.489844 0.101562 0.135937
0 0.217969 0.180469 0.101562 0.135937
0 0.352344 0.313281 0.101562 0.135937
0 0.530469 0.086719 0.101562 0.135937
