0 0.786719 0.328125 0.057813 0.078125
0 0.085156 0.607812 0.057813 0.078125
0 0.908594 0.596875 0.057813 0.078125
0 0.842969 0.182812 0.057813 0.078125
0 0.149219 0.326562 0.057813 0.078125
0 0.511719 0.339062 0.057813 0.078125
0 0.922656 0.168750 0.057813 0.078125
0 0.610156 0.276562 0.057813 0.078125
0 0.236719 0.306250 0.057813 0.078125
0 0.567969 0.145313 0.057813 0.078125
0 0.144531 0.425000 0.057813 0.078125
0 0.313281 0.639062 0.057813 0.078125
0 0.678906 0.296875 0.057813 0.078125
0 0.814844 0.682813 0.057813 0.078125
