0 0.563281 0.927344 0.082812 0.110937
0 0.646094 0.166406 0.082812 0.110937
0 0.553906 0.121094 0.082812 0.110937
0 0.649219 0.438281 0.082812 0.110937
0 0.589844 0.344531 0.082812 0.110937
0 0.849219 0.575781 0.082812 0.110937
0 0.777344 0.408594 0.082812 0.110937
0 0.266406 0.642969 0.082812 0.110937
0 0.828906 0.475781 0.082812 0.110937
0 0.449219 0.124219 0.082812 0.110937
0 0.069531 0.688281 0.082812 0.110937
0 0.532031 0.764844 0.082812 0.110937
0 0.850781 0.810156 0.082812 0.110937
0 0.619531 0.535156 0.082812 0.110937
