0 0.697656 0.103125 0.070312 0.093750
0 0.946094 0.596875 0.070312 0.093750
0 0.494531 0.404687 0.070312 0.093750
0 0.639844 0.707812 0.070312 0.093750
0 0.458594 0.470313 0.070312 0.093750
0 0.538281 0.065625 0.070312 0.093750
0 0.761719 0.653125 0.070312 0.093750
0 0.246094 0.143750 0.070312 0.093750
0 0.827344 0.315625 0.070312 0.093750
0 0.949219 0.867188 0.070312 0.093750
0 0.380469 0.489063 0.070312 0.093750
0 0.288281 0.660937 0.070312 0.093750
0 0.361719 0.718750 0.070312 0.093750
0 0.863281 0.800000 0.070312 0.093750
