0 0.076563 0.381250 0.062500 0.084375
0 0.142187 0.381250 0.062500 0.084375
0 0.207813 0.381250 0.062500 0.084375
0 0.273438 0.381250 0.062500 0.084375
0 0.339062 0.381250 0.062500 0.084375
0 0.404687 0.381250 0.062500 0.084375
0 0.470313 0.381250 0.062500 0.084375
0 0.535937 0.381250 0.062500 0.084375
0 0.601562 0.381250 0.062500 0.084375
0 0.667188 0.381250 0.062500 0.084375
0 0.732812 0.381250 0.062500 0.084375
0 0.798438 0.381250 0.062500 0.084375
0 0.864062 0.381250 0.062500 0.084375
0 0.929688 0.381250 0.062500 0.084375
