0 0.256250 0.491406 0.075000 0.101562
0 0.162500 0.619531 0.075000 0.101562
0 0.407813 0.464844 0.075000 0.101562
0 0.915625 0.594531 0.075000 0.101562
0 0.354687 0.410156 0.075000 0.101562
0 0.121875 0.419531 0.075000 0.101562
0 0.759375 0.619531 0.075000 0.101562
0 0.792188 0.205469 0.075000 0.101562
0 0.726562 0.364844 0.075000 0.101562
0 0.573438 0.207031 0.075000 0.101562
0 0.682813 0.467969 0.075000 0.101562
0 0.309375 0.735156 0.075000 0.101562
0 0.064062 0.155469 0.075000 0.101562
0 0.759375 0.702344 0.075000 0.101562
