0 0.085156 0.842969 0.060937 0.082812
0 0.150781 0.842969 0.060937 0.082812
0 0.216406 0.842969 0.060937 0.082812
0 0.282031 0.842969 0.060937 0.082812
0 0.347656 0.842969 0.060937 0.082812
0 0.413281 0.842969 0.060937 0.082812
0 0.478906 0.842969 0.060937 0.082812
0 0.544531 0.842969 0.060937 0.082812
0 0.610156 0.842969 0.060937 0.082812
0 0.675781 0.842969 0.060937 0.082812
0 0.741406 0.842969 0.060937 0.082812
0 0.807031 0.842969 0.060937 0.082812
0 0.872656 0.842969 0.060937 0.082812
0 0.938281 0.842969 0.060937 0.082812
