0 0.725000 0.450781 0.065625 0.089063
0 0.376563 0.441406 0.065625 0.089063
0 0.306250 0.444531 0.065625 0.089063
0 0.462500 0.100781 0.065625 0.089063
0 0.078125 0.449219 0.065625 0.089063
0 0.107813 0.130469 0.065625 0.089063
0 0.918750 0.199219 0.065625 0.089063
0 0.148438 0.738281 0.065625 0.089063
0 0.354687 0.353906 0.065625 0.089063
0 0.065625 0.394531 0.065625 0.089063
0 0.840625 0.467969 0.065625 0.089063
0 0.625000 0.164844 0.065625 0.089063
0 0.153125 0.078906 0.065625 0.089063
0 0.581250 0.788281 0.065625 0.089063
