0 0.717187 0.104688 0.100000 0.134375
0 0.726562 0.268750 0.100000 0.134375
0 0.365625 0.381250 0.100000 0.134375
0 0.303125 0.679688 0.100000 0.134375
0 0.296875 0.768750 0.100000 0.134375
0 0.685937 0.859375 0.100000 0.134375
0 0.876563 0.735938 0.100000 0.134375
0 0.620313 0.340625 0.100000 0.134375
0 0.620313 0.207813 0.100000 0.134375
0 0.279687 0.854688 0.100000 0.134375
0 0.689063 0.407813 0.100000 0.134375
0 0.745313 0.471875 0.100000 0.134375
0 0.645312 0.635938 0.100000 0.134375
0 0.084375 0.743750 0.100000 0.134375
