0 0.384375 0.495312 0.084375 0.112500
0 0.879687 0.103125 0.084375 0.112500
0 0.440625 0.596875 0.084375 0.112500
0 0.920312 0.501563 0.084375 0.112500
0 0.254688 0.320312 0.084375 0.112500
0 0.348438 0.700000 0.084375 0.112500
0 0.182812 0.582812 0.084375 0.112500
0 0.404687 0.814063 0.084375 0.112500
0 0.767188 0.110937 0.084375 0.112500
0 0.265625 0.687500 0.084375 0.112500
0 0.381250 0.279687 0.084375 0.112500
0 0.850000 0.910937 0.084375 0.112500
0 0.848437 0.596875 0.084375 0.112500
0 0.753125 0.382812 0.084375 0.112500
