0 0.070312 0.103906 0.065625 0.089063
0 0.135937 0.103906 0.065625 0.089063
0 0.201563 0.103906 0.065625 0.089063
0 0.267188 0.103906 0.065625 0.089063
0 0.332813 0.103906 0.065625 0.089063
0 0.398438 0.103906 0.065625 0.089063
0 0.464062 0.103906 0.065625 0.089063
0 0.529687 0.103906 0.065625 0.089063
0 0.595313 0.103906 0.065625 0.089063
0 0.660937 0.103906 0.065625 0.089063
0 0.726562 0.103906 0.065625 0.089063
0 0.792188 0.103906 0.065625 0.089063
0 0.857812 0.103906 0.065625 0.089063
0 0.923438 0.103906 0.065625 0.089063
