0 0.064844 0.595313 0.060937 0.081250
0 0.132031 0.595313 0.060937 0.081250
0 0.199219 0.595313 0.060937 0.081250
0 0.266406 0.595313 0.060937 0.081250
0 0.333594 0.595313 0.060937 0.081250
0 0.400781 0.595313 0.060937 0.081250
0 0.467969 0.595313 0.060937 0.081250
0 0.535156 0.595313 0.060937 0.081250
0 0.602344 0.595313 0.060937 0.081250
0 0.669531 0.595313 0.060937 0.081250
0 0.736719 0.595313 0.060937 0.081250
0 0.803906 0.595313 0.060937 0.081250
0 0.871094 0.595313 0.060937 0.081250
0 0.938281 0.595313 0.060937 0.081250
