0 0.807813 0.083594 0.046875 0.064062
0 0.807813 0.149219 0.046875 0.064062
0 0.807813 0.214844 0.046875 0.064062
0 0.807813 0.280469 0.046875 0.064062
0 0.807813 0.346094 0.046875 0.064062
0 0.807813 0.411719 0.046875 0.064062
0 0.807813 0.477344 0.046875 0.064062
0 0.807813 0.542969 0.046875 0.064062
0 0.807813 0.608594 0.046875 0.064062
0 0.807813 0.674219 0.046875 0.064062
0 0.807813 0.739844 0.046875 0.064062
0 0.807813 0.805469 0.046875 0.064062
0 0.807813 0.871094 0.046875 0.064062
0 0.807813 0.936719 0.046875 0.064062
