0 0.184375 0.157812 0.071875 0.096875
0 0.293750 0.450000 0.071875 0.096875
0 0.732812 0.360938 0.071875 0.096875
0 0.720313 0.220312 0.071875 0.096875
0 0.790625 0.415625 0.071875 0.096875
0 0.314063 0.932813 0.071875 0.096875
0 0.718750 0.301563 0.071875 0.096875
0 0.654687 0.242188 0.071875 0.096875
0 0.131250 0.754687 0.071875 0.096875
0 0.785937 0.156250 0.071875 0.096875
0 0.801562 0.771875 0.071875 0.096875
0 0.506250 0.723437 0.071875 0.096875
0 0.160938 0.301563 0.071875 0.096875
0 0.871875 0.846875 0.071875 0.096875
