0 0.477344 0.222656 0.089063 0.120313
0 0.850781 0.377344 0.089063 0.120313
0 0.842969 0.482031 0.089063 0.120313
0 0.300781 0.094531 0.089063 0.120313
0 0.238281 0.666406 0.089063 0.120313
0 0.288281 0.622656 0.089063 0.120313
0 0.421094 0.078906 0.089063 0.120313
0 0.935156 0.861719 0.089063 0.120313
0 0.691406 0.547656 0.089063 0.120313
0 0.297656 0.430469 0.089063 0.120313
0 0.174219 0.278906 0.089063 0.120313
0 0.177344 0.458594 0.089063 0.120313
0 0.655469 0.146094 0.089063 0.120313
0 0.899219 0.536719 0.089063 0.120313
