0 0.081250 0.711719 0.065625 0.089063
0 0.146875 0.711719 0.065625 0.089063
0 0.212500 0.711719 0.065625 0.089063
0 0.278125 0.711719 0.065625 0.089063
0 0.343750 0.711719 0.065625 0.089063
0 0.409375 0.711719 0.065625 0.089063
0 0.475000 0.711719 0.065625 0.089063
0 0.540625 0.711719 0.065625 0.089063
0 0.606250 0.711719 0.065625 0.089063
0 0.671875 0.711719 0.065625 0.089063
0 0.737500 0.711719 0.065625 0.089063
0 0.803125 0.711719 0.065625 0.089063
0 0.868750 0.711719 0.065625 0.089063
0 0.934375 0.711719 0.065625 0.089063
