0 0.710938 0.340625 0.062500 0.084375
0 0.756250 0.126562 0.062500 0.084375
0 0.854688 0.243750 0.062500 0.084375
0 0.657813 0.918750 0.062500 0.084375
0 0.170313 0.481250 0.062500 0.084375
0 0.407813 0.804688 0.062500 0.084375
0 0.448437 0.251563 0.062500 0.084375
0 0.837500 0.748437 0.062500 0.084375
0 0.223438 0.915625 0.062500 0.084375
0 0.446875 0.343750 0.062500 0.084375
0 0.731250 0.829688 0.062500 0.084375
0 0.193750 0.312500 0.062500 0.084375
0 0.234375 0.471875 0.062500 0.084375
0 0.223438 0.637500 0.062500 0.084375
