0 0.062500 0.231250 0.062500 0.084375
0 0.128125 0.231250 0.062500 0.084375
0 0.193750 0.231250 0.062500 0.084375
0 0.259375 0.231250 0.062500 0.084375
0 0.325000 0.231250 0.062500 0.084375
0 0.390625 0.231250 0.062500 0.084375
0 0.456250 0.231250 0.062500 0.084375
0 0.521875 0.231250 0.062500 0.084375
0 0.587500 0.231250 0.062500 0.084375
0 0.653125 0.231250 0.062500 0.084375
0 0.718750 0.231250 0.062500 0.084375
0 0.784375 0.231250 0.062500 0.084375
0 0.850000 0.231250 0.062500 0.084375
0 0.915625 0.231250 0.062500 0.084375
