0 0.431250 0.471875 0.081250 0.109375
0 0.828125 0.760938 0.081250 0.109375
0 0.371875 0.426563 0.081250 0.109375
0 0.576562 0.590625 0.081250 0.109375
0 0.328125 0.537500 0.081250 0.109375
0 0.662500 0.368750 0.081250 0.109375
0 0.357812 0.792188 0.081250 0.109375
0 0.632812 0.879687 0.081250 0.109375
0 0.643750 0.632812 0.081250 0.109375
0 0.379688 0.201563 0.081250 0.109375
0 0.190625 0.660937 0.081250 0.109375
0 0.095312 0.414062 0.081250 0.109375
0 0.765625 0.832812 0.081250 0.109375
0 0.729688 0.407813 0.081250 0.109375
