0 0.247656 0.175000 0.089063 0.118750
0 0.669531 0.110937 0.089063 0.118750
0 0.750781 0.562500 0.089063 0.118750
0 0.933594 0.178125 0.089063 0.118750
0 0.308594 0.865625 0.089063 0.118750
0 0.175781 0.331250 0.089063 0.118750
0 0.860156 0.756250 0.089063 0.118750
0 0.525781 0.567187 0.089063 0.118750
0 0.682031 0.228125 0.089063 0.118750
0 0.503906 0.335938 0.089063 0.118750
0 0.107031 0.621875 0.089063 0.118750
0 0.077344 0.482812 0.089063 0.118750
0 0.575781 0.848437 0.089063 0.118750
0 0.375781 0.207813 0.089063 0.118750
