0 0.063281 0.571094 0.060937 0.082812
0 0.128906 0.571094 0.060937 0.082812
0 0.194531 0.571094 0.060937 0.082812
0 0.260156 0.571094 0.060937 0.082812
0 0.325781 0.571094 0.060937 0.082812
0 0.391406 0.571094 0.060937 0.082812
0 0.457031 0.571094 0.060937 0.082812
0 0.522656 0.571094 0.060937 0.082812
0 0.588281 0.571094 0.060937 0.082812
0 0.653906 0.571094 0.060937 0.082812
0 0.719531 0.571094 0.060937 0.082812
0 0.785156 0.571094 0.060937 0.082812
0 0.850781 0.571094 0.060937 0.082812
0 0.916406 0.571094 0.060937 0.082812
