0 0.069531 0.078125 0.048438 0.065625
0 0.069531 0.143750 0.048438 0.065625
0 0.069531 0.209375 0.048438 0.065625
0 0.069531 0.275000 0.048438 0.065625
0 0.069531 0.340625 0.048438 0.065625
0 0.069531 0.406250 0.048438 0.065625
0 0.069531 0.471875 0.048438 0.065625
0 0.069531 0.537500 0.048438 0.065625
0 0.069531 0.603125 0.048438 0.065625
0 0.069531 0.668750 0.048438 0.065625
0 0.069531 0.734375 0.048438 0.065625
0 0.069531 0.800000 0.048438 0.065625
0 0.069531 0.865625 0.048438 0.065625
0 0.069531 0.931250 0.048438 0.065625
