0 0.078906 0.383594 0.060937 0.082812
0 0.144531 0.383594 0.060937 0.082812
0 0.210156 0.383594 0.060937 0.082812
0 0.275781 0.383594 0.060937 0.082812
0 0.341406 0.383594 0.060937 0.082812
0 0.407031 0.383594 0.060937 0.082812
0 0.472656 0.383594 0.060937 0.082812
0 0.538281 0.383594 0.060937 0.082812
0 0.603906 0.383594 0.060937 0.082812
0 0.669531 0.383594 0.060937 0.082812
0 0.735156 0.383594 0.060937 0.082812
0 0.800781 0.383594 0.060937 0.082812
0 0.866406 0.383594 0.060937 0.082812
0 0.932031 0.383594 0.060937 0.082812
