0 0.250781 0.528125 0.117188 0.156250
0 0.161719 0.309375 0.117188 0.156250
0 0.649219 0.682813 0.117188 0.156250
0 0.586719 0.826562 0.117188 0.156250
0 0.858594 0.506250 0.117188 0.156250
0 0.410156 0.479687 0.117188 0.156250
0 0.607031 0.135937 0.117188 0.156250
0 0.792969 0.350000 0.117188 0.156250
0 0.302344 0.853125 0.117188 0.156250
0 0.869531 0.189062 0.117188 0.156250
0 0.325781 0.775000 0.117188 0.156250
0 0.122656 0.392188 0.117188 0.156250
0 0.349219 0.550000 0.117188 0.156250
0 0.710156 0.257812 0.117188 0.156250
