0 0.789062 0.319531 0.093750 0.126562
0 0.257812 0.642969 0.093750 0.126562
0 0.567187 0.722656 0.093750 0.126562
0 0.603125 0.255469 0.093750 0.126562
0 0.734375 0.857031 0.093750 0.126562
0 0.757812 0.205469 0.093750 0.126562
0 0.745313 0.680469 0.093750 0.126562
0 0.590625 0.466406 0.093750 0.126562
0 0.715625 0.444531 0.093750 0.126562
0 0.310937 0.766406 0.093750 0.126562
0 0.062500 0.367969 0.093750 0.126562
0 0.859375 0.469531 0.093750 0.126562
0 0.246875 0.541406 0.093750 0.126562
0 0.104688 0.842969 0.093750 0.126562
