0 0.063281 0.625000 0.060937 0.081250
0 0.130469 0.625000 0.060937 0.081250
0 0.197656 0.625000 0.060937 0.081250
0 0.264844 0.625000 0.060937 0.081250
0 0.332031 0.625000 0.060937 0.081250
0 0.399219 0.625000 0.060937 0.081250
0 0.466406 0.625000 0.060937 0.081250
0 0.533594 0.625000 0.060937 0.081250
0 0.600781 0.625000 0.060937 0.081250
0 0.667969 0.625000 0.060937 0.081250
0 0.735156 0.625000 0.060937 0.081250
0 0.802344 0.625000 0.060937 0.081250
0 0.869531 0.625000 0.060937 0.081250
0 0.936719 0.625000 0.060937 0.081250
