0 0.592969 0.358594 0.060937 0.082812
0 0.380469 0.353906 0.060937 0.082812
0 0.628906 0.644531 0.060937 0.082812
0 0.282031 0.864844 0.060937 0.082812
0 0.753906 0.930469 0.060937 0.082812
0 0.508594 0.388281 0.060937 0.082812
0 0.908594 0.863281 0.060937 0.082812
0 0.344531 0.903906 0.060937 0.082812
0 0.860156 0.444531 0.060937 0.082812
0 0.158594 0.747656 0.060937 0.082812
0 0.882031 0.524219 0.060937 0.082812
0 0.766406 0.524219 0.060937 0.082812
0 0.649219 0.803906 0.060937 0.082812
0 0.760156 0.627344 0.060937 0.082812
