0 0.072656 0.660156 0.060937 0.082812
0 0.138281 0.660156 0.060937 0.082812
0 0.203906 0.660156 0.060937 0.082812
0 0.269531 0.660156 0.060937 0.082812
0 0.335156 0.660156 0.060937 0.082812
0 0.400781 0.660156 0.060937 0.082812
0 0.466406 0.660156 0.060937 0.082812
0 0.532031 0.660156 0.060937 0.082812
0 0.597656 0.660156 0.060937 0.082812
0 0.663281 0.660156 0.060937 0.082812
0 0.728906 0.660156 0.060937 0.082812
0 0.794531 0.660156 0.060937 0.082812
0 0.860156 0.660156 0.060937 0.082812
0 0.925781 0.660156 0.060937 0.082812
