0 0.061719 0.893750 0.060937 0.081250
0 0.128906 0.893750 0.060937 0.081250
0 0.196094 0.893750 0.060937 0.081250
0 0.263281 0.893750 0.060937 0.081250
0 0.330469 0.893750 0.060937 0.081250
0 0.397656 0.893750 0.060937 0.081250
0 0.464844 0.893750 0.060937 0.081250
0 0.532031 0.893750 0.060937 0.081250
0 0.599219 0.893750 0.060937 0.081250
0 0.666406 0.893750 0.060937 0.081250
0 0.733594 0.893750 0.060937 0.081250
0 0.800781 0.893750 0.060937 0.081250
0 0.867969 0.893750 0.060937 0.081250
0 0.935156 0.893750 0.060937 0.081250
