0 0.929688 0.718750 0.100000 0.134375
0 0.818750 0.803125 0.100000 0.134375
0 0.253125 0.248438 0.100000 0.134375
0 0.306250 0.414062 0.100000 0.134375
0 0.401562 0.826562 0.100000 0.134375
0 0.112500 0.718750 0.100000 0.134375
0 0.703125 0.482812 0.100000 0.134375
0 0.335938 0.751563 0.100000 0.134375
0 0.562500 0.289062 0.100000 0.134375
0 0.815625 0.171875 0.100000 0.134375
0 0.189062 0.698438 0.100000 0.134375
0 0.673438 0.198437 0.100000 0.134375
0 0.651563 0.503125 0.100000 0.134375
0 0.489063 0.400000 0.100000 0.134375
