0 0.082031 0.592969 0.064062 0.085938
0 0.147656 0.592969 0.064062 0.085938
0 0.213281 0.592969 0.064062 0.085938
0 0.278906 0.592969 0.064062 0.085938
0 0.344531 0.592969 0.064062 0.085938
0 0.410156 0.592969 0.064062 0.085938
0 0.475781 0.592969 0.064062 0.085938
0 0.541406 0.592969 0.064062 0.085938
0 0.607031 0.592969 0.064062 0.085938
0 0.672656 0.592969 0.064062 0.085938
0 0.738281 0.592969 0.064062 0.085938
0 0.803906 0.592969 0.064062 0.085938
0 0.869531 0.592969 0.064062 0.085938
0 0.935156 0.592969 0.064062 0.085938
