0 0.068750 0.635938 0.062500 0.084375
0 0.134375 0.635938 0.062500 0.084375
0 0.200000 0.635938 0.062500 0.084375
0 0.265625 0.635938 0.062500 0.084375
0 0.331250 0.635938 0.062500 0.084375
0 0.396875 0.635938 0.062500 0.084375
0 0.462500 0.635938 0.062500 0.084375
0 0.528125 0.635938 0.062500 0.084375
0 0.593750 0.635938 0.062500 0.084375
0 0.659375 0.635938 0.062500 0.084375
0 0.725000 0.635938 0.062500 0.084375
0 0.790625 0.635938 0.062500 0.084375
0 0.856250 0.635938 0.062500 0.084375
0 0.921875 0.635938 0.062500 0.084375
