0 0.361719 0.576562 0.117188 0.156250
0 0.219531 0.600000 0.117188 0.156250
0 0.421094 0.400000 0.117188 0.156250
0 0.174219 0.160938 0.117188 0.156250
0 0.558594 0.501563 0.117188 0.156250
0 0.778906 0.464062 0.117188 0.156250
0 0.774219 0.635938 0.117188 0.156250
0 0.700781 0.439063 0.117188 0.156250
0 0.099219 0.114062 0.117188 0.156250
0 0.621094 0.343750 0.117188 0.156250
0 0.580469 0.204687 0.117188 0.156250
0 0.080469 0.746875 0.117188 0.156250
0 0.580469 0.901563 0.117188 0.156250
0 0.664844 0.767188 0.117188 0.156250
