0 0.750781 0.801562 0.107813 0.143750
0 0.339844 0.400000 0.107813 0.143750
0 0.571094 0.703125 0.107813 0.143750
0 0.255469 0.317188 0.107813 0.143750
0 0.603906 0.609375 0.107813 0.143750
0 0.541406 0.460938 0.107813 0.143750
0 0.432031 0.832812 0.107813 0.143750
0 0.160156 0.557813 0.107813 0.143750
0 0.167969 0.651563 0.107813 0.143750
0 0.883594 0.615625 0.107813 0.143750
0 0.253906 0.423438 0.107813 0.143750
0 0.414844 0.581250 0.107813 0.143750
0 0.652344 0.259375 0.107813 0.143750
0 0.888281 0.714063 0.107813 0.143750
