0 0.675000 0.660156 0.059375 0.079687
0 0.325000 0.636719 0.059375 0.079687
0 0.168750 0.910156 0.059375 0.079687
0 0.823438 0.447656 0.059375 0.079687
0 0.453125 0.739844 0.059375 0.079687
0 0.146875 0.258594 0.059375 0.079687
0 0.703125 0.782031 0.059375 0.079687
0 0.865625 0.332031 0.059375 0.079687
0 0.381250 0.588281 0.059375 0.079687
0 0.732812 0.255469 0.059375 0.079687
0 0.048438 0.849219 0.059375 0.079687
0 0.854688 0.508594 0.059375 0.079687
0 0.456250 0.124219 0.059375 0.079687
0 0.551562 0.083594 0.059375 0.079687
