0 0.476562 0.727344 0.059375 0.079687
0 0.234375 0.492969 0.059375 0.079687
0 0.834375 0.474219 0.059375 0.079687
0 0.595313 0.480469 0.059375 0.079687
0 0.253125 0.185156 0.059375 0.079687
0 0.120313 0.161719 0.059375 0.079687
0 0.551562 0.260156 0.059375 0.079687
0 0.528125 0.922656 0.059375 0.079687
0 0.087500 0.174219 0.059375 0.079687
0 0.589063 0.400781 0.059375 0.079687
0 0.523438 0.636719 0.059375 0.079687
0 0.050000 0.716406 0.059375 0.079687
0 0.090625 0.628906 0.059375 0.079687
0 0.320312 0.547656 0.059375 0.079687
