0 0.160156 0.071875 0.048438 0.065625
0 0.160156 0.137500 0.048438 0.065625
0 0.160156 0.203125 0.048438 0.065625
0 0.160156 0.268750 0.048438 0.065625
0 0.160156 0.334375 0.048438 0.065625
0 0.160156 0.400000 0.048438 0.065625
0 0.160156 0.465625 0.048438 0.065625
0 0.160156 0.531250 0.048438 0.065625
0 0.160156 0.596875 0.048438 0.065625
0 0.160156 0.662500 0.048438 0.065625
0 0.160156 0.728125 0.048438 0.065625
0 0.160156 0.793750 0.048438 0.065625
0 0.160156 0.859375 0.048438 0.065625
0 0.160156 0.925000 0.048438 0.065625
