0 0.089063 0.074219 0.046875 0.064062
0 0.089063 0.139844 0.046875 0.064062
0 0.089063 0.205469 0.046875 0.064062
0 0.089063 0.271094 0.046875 0.064062
0 0.089063 0.336719 0.046875 0.064062
0 0.089063 0.402344 0.046875 0.064062
0 0.089063 0.467969 0.046875 0.064062
0 0.089063 0.533594 0.046875 0.064062
0 0.089063 0.599219 0.046875 0.064062
0 0.089063 0.664844 0.046875 0.064062
0 0.089063 0.730469 0.046875 0.064062
0 0.089063 0.796094 0.046875 0.064062
0 0.089063 0.861719 0.046875 0.064062
0 0.089063 0.927344 0.046875 0.064062
